[gd_scene load_steps=37 format=3 uid="uid://b2n4oo04jux0t"]

[ext_resource type="Script" path="res://Mods/Scripts/ModTrack.gd" id="1_seqqr"]
[ext_resource type="PackedScene" uid="uid://c7d7wtb3lm6hn" path="res://Mods/Placeholders/mod_car_spawn.tscn" id="2_05dne"]
[ext_resource type="Script" path="res://Mods/Scripts/ModRaceSettings.gd" id="2_tmbws"]
[ext_resource type="PackedScene" uid="uid://btshuvgc5p0v0" path="res://Mods/Placeholders/mod_checkpoint.tscn" id="3_7qbpy"]
[ext_resource type="Script" path="res://Mods/Scripts/ModCarClassSetting.gd" id="3_rqxfs"]
[ext_resource type="Script" path="res://Mods/Scripts/ModTrackPath.gd" id="4_h316e"]
[ext_resource type="Material" uid="uid://budvf3w2bjk2w" path="res://Mods/Placeholders/Materials/track_path.tres" id="5_6qukl"]
[ext_resource type="PackedScene" uid="uid://cu0mwqn0aqh5x" path="res://Mods/Placeholders/mod_track_path_point.tscn" id="6_bv4sn"]
[ext_resource type="PackedScene" uid="uid://cvsxe56hnxaa0" path="res://Mods/Placeholders/mod_trigger.tscn" id="8_nfmkb"]
[ext_resource type="PackedScene" uid="uid://cq6m734ruksda" path="res://Mods/Placeholders/mod_barrier_arrow_block.tscn" id="9_46kmx"]
[ext_resource type="PackedScene" uid="uid://b80ls8gu1xpos" path="res://Mods/Placeholders/mod_spectator_car.tscn" id="9_rp1cy"]
[ext_resource type="Script" path="res://Mods/Scripts/ModReverbTrigger.gd" id="10_nn3ty"]
[ext_resource type="PackedScene" uid="uid://bviojfh2n0vr4" path="res://Mods/pirate_cove/Tracks/pirate_cove/PirateTrack.blend" id="10_yv8mc"]
[ext_resource type="Script" path="res://Mods/pirate_cove/Tracks/pirate_cove/EyeTrigger.gd" id="11_kyt7r"]
[ext_resource type="Material" uid="uid://b35sna20h8xdy" path="res://Mods/pirate_cove/Tracks/pirate_cove/cave_eye.tres" id="12_0lyf4"]
[ext_resource type="PackedScene" uid="uid://dqqrq7ntnw2j8" path="res://Mods/Placeholders/mod_track_camera_previewer.tscn" id="12_pj2a4"]
[ext_resource type="Script" path="res://Mods/Scripts/ModTrackCamera.gd" id="13_ua17w"]
[ext_resource type="PackedScene" path="res://Mods/Placeholders/mod_intro_camera.tscn" id="18_ixi2i"]

[sub_resource type="Resource" id="Resource_l4ps1"]
script = ExtResource("3_rqxfs")
car_class = "light"
laps = 2

[sub_resource type="Resource" id="Resource_gmkhd"]
script = ExtResource("3_rqxfs")
car_class = "heavy"
laps = 2

[sub_resource type="Resource" id="Resource_u23nh"]
script = ExtResource("3_rqxfs")
car_class = "ultra"
laps = 2

[sub_resource type="Resource" id="Resource_pq7wa"]
script = ExtResource("3_rqxfs")
car_class = "cheat"
laps = 2

[sub_resource type="Gradient" id="Gradient_qm0b2"]
offsets = PackedFloat32Array(0.148148, 0.78836)
colors = PackedColorArray(0.0313726, 0.835294, 0.737255, 1, 0.109804, 0.392157, 1, 1)

[sub_resource type="GradientTexture2D" id="GradientTexture2D_dnw2h"]
gradient = SubResource("Gradient_qm0b2")
fill_from = Vector2(0, 1)
fill_to = Vector2(0, 0)

[sub_resource type="ImmediateMesh" id="ImmediateMesh_2iyp3"]

[sub_resource type="BoxMesh" id="BoxMesh_nn6yb"]
size = Vector3(300, 10, 300)

[sub_resource type="BoxMesh" id="BoxMesh_gv2py"]
size = Vector3(19.065, 14.85, 18.995)

[sub_resource type="BoxMesh" id="BoxMesh_7aekn"]
size = Vector3(19.065, 14.85, 18.995)

[sub_resource type="BoxMesh" id="BoxMesh_y5cvs"]
size = Vector3(16.17, 14.85, 26.035)

[sub_resource type="SphereMesh" id="SphereMesh_7gw3a"]
radius = 2.0
height = 4.0
radial_segments = 16
rings = 8

[sub_resource type="BoxShape3D" id="BoxShape3D_bvme8"]
size = Vector3(13.0453, 8, 14.7256)

[sub_resource type="Animation" id="Animation_metff"]
length = 0.001
tracks/0/type = "value"
tracks/0/imported = false
tracks/0/enabled = true
tracks/0/path = NodePath("left_eye:visible")
tracks/0/interp = 1
tracks/0/loop_wrap = true
tracks/0/keys = {
"times": PackedFloat32Array(0),
"transitions": PackedFloat32Array(1),
"update": 1,
"values": [false]
}
tracks/1/type = "value"
tracks/1/imported = false
tracks/1/enabled = true
tracks/1/path = NodePath("right_eye:visible")
tracks/1/interp = 1
tracks/1/loop_wrap = true
tracks/1/keys = {
"times": PackedFloat32Array(0),
"transitions": PackedFloat32Array(1),
"update": 1,
"values": [false]
}

[sub_resource type="Animation" id="Animation_b4xsp"]
resource_name = "eyes_on"
step = 0.0333333
tracks/0/type = "value"
tracks/0/imported = false
tracks/0/enabled = true
tracks/0/path = NodePath("left_eye:visible")
tracks/0/interp = 1
tracks/0/loop_wrap = true
tracks/0/keys = {
"times": PackedFloat32Array(0, 0.0666667, 0.2),
"transitions": PackedFloat32Array(1, 1, 1),
"update": 1,
"values": [true, false, true]
}
tracks/1/type = "value"
tracks/1/imported = false
tracks/1/enabled = true
tracks/1/path = NodePath("right_eye:visible")
tracks/1/interp = 1
tracks/1/loop_wrap = true
tracks/1/keys = {
"times": PackedFloat32Array(0.133333, 0.2, 0.3),
"transitions": PackedFloat32Array(1, 1, 1),
"update": 1,
"values": [true, false, true]
}

[sub_resource type="AnimationLibrary" id="AnimationLibrary_ey48w"]
_data = {
"RESET": SubResource("Animation_metff"),
"eyes_on": SubResource("Animation_b4xsp")
}

[sub_resource type="Curve3D" id="Curve3D_ltjoh"]
_data = {
"points": PackedVector3Array(0, 0, 0, 0, 0, 0, 0.21331, 0.314927, -1.16406, 9.65202, 0.942938, 0.174032, -9.65202, -0.942938, -0.174032, -23.8673, -0.578605, -0.85618, 1.01041, 2.20152, -7.74628, -1.01041, -2.20152, 7.74628, -40.9708, -7.35202, 15.1093),
"tilts": PackedFloat32Array(0, 0.00109135, 0)
}
point_count = 3

[sub_resource type="Curve3D" id="Curve3D_0qmt1"]
_data = {
"points": PackedVector3Array(0, 0, 0, 0, 0, 0, 24.2229, 11.5881, -7.90105, 0, 0, 0, 0, 0, 0, -12.7094, 0.975385, 13.8237),
"tilts": PackedFloat32Array(0, 0)
}
point_count = 2

[node name="PirateCove" type="Node3D"]
script = ExtResource("1_seqqr")

[node name="RaceSettings" type="Node" parent="."]
unique_name_in_owner = true
script = ExtResource("2_tmbws")
per_car_class_settings = Array[ExtResource("3_rqxfs")]([SubResource("Resource_l4ps1"), SubResource("Resource_gmkhd"), SubResource("Resource_u23nh"), SubResource("Resource_pq7wa")])
built_in_skybox_style = 1
custom_skybox_texture = SubResource("GradientTexture2D_dnw2h")

[node name="CarSpawn" parent="." instance=ExtResource("2_05dne")]
unique_name_in_owner = true
transform = Transform3D(-4.37114e-08, 0, -1, 0, 1, 0, 1, 0, -4.37114e-08, 37.1751, 1.19874, 5.13762)

[node name="Checkpoints" type="Node3D" parent="."]
unique_name_in_owner = true

[node name="checkpointStart" parent="Checkpoints" instance=ExtResource("3_7qbpy")]
transform = Transform3D(0.00101221, 0, -0.999999, 0, 1, 0, 0.999999, 0, 0.00101221, 43.339, 0.259709, 0.752402)
size = Vector2(8, 5)

[node name="checkpoint" parent="Checkpoints" instance=ExtResource("3_7qbpy")]
transform = Transform3D(0.982645, 0, 0.185495, 0, 1, 0, -0.185495, 0, 0.982645, 56.3319, 0.25871, -70.1889)
size = Vector2(8.04, 5)

[node name="checkpoint2" parent="Checkpoints" instance=ExtResource("3_7qbpy")]
transform = Transform3D(-0.445745, 0, 0.89516, 0, 1, 0, -0.89516, 0, -0.445745, -32.2681, 0.422812, -93.3122)
size = Vector2(6.695, 5)

[node name="checkpoint3" parent="Checkpoints" instance=ExtResource("3_7qbpy")]
transform = Transform3D(-0.996357, 0, 0.0852779, 0, 1, 0, -0.0852779, 0, -0.996357, -51.2283, 0.36043, -27.4366)
size = Vector2(8.11, 5)

[node name="checkpoint4" parent="Checkpoints" instance=ExtResource("3_7qbpy")]
transform = Transform3D(-0.800869, 0.0537693, -0.596421, 0.0669879, 0.997754, -9.31323e-10, 0.595081, -0.039953, -0.802672, -37.5114, -0.371315, 69.0147)
size = Vector2(10, 5)

[node name="checkpoint5" parent="Checkpoints" instance=ExtResource("3_7qbpy")]
transform = Transform3D(0.645311, 0, -0.76392, 0, 1, 0, 0.76392, 0, 0.645311, 47.0683, 13.157, 68.7198)
size = Vector2(7, 5)

[node name="checkpoint6" parent="Checkpoints" instance=ExtResource("3_7qbpy")]
transform = Transform3D(-0.744393, 0, 0.667742, 0, 1, 0, -0.667742, 0, -0.744393, 30.484, 5.33945, 35.1637)
size = Vector2(8.835, 5)

[node name="checkpoint7" parent="Checkpoints" instance=ExtResource("3_7qbpy")]
transform = Transform3D(0.858086, 0.0227246, 0.513002, -0.0264735, 0.99965, 9.31323e-10, -0.512822, -0.013581, 0.858387, -17.7651, -0.187704, -4.60803)
size = Vector2(8, 5)

[node name="TrackPath" type="MeshInstance3D" parent="."]
unique_name_in_owner = true
transform = Transform3D(1, 0, 0, 0, 1, 0, 0, 0, 1, 0, 0.14903, 0)
mesh = SubResource("ImmediateMesh_2iyp3")
script = ExtResource("4_h316e")
material = ExtResource("5_6qukl")
bezier_handle_length = 6.0
vert_spacing = 1.0

[node name="track_path_point29" parent="TrackPath" instance=ExtResource("6_bv4sn")]
transform = Transform3D(-4.37114e-08, 0, 1, 0, 1, 0, -1, 0, -4.37114e-08, 43.1713, 0.259709, 4.74888)

[node name="track_path_point34" parent="TrackPath" instance=ExtResource("6_bv4sn")]
transform = Transform3D(-4.37114e-08, 0, 1, 0, 1, 0, -1, 0, -4.37114e-08, 52.8319, 0.585419, 4.74888)

[node name="track_path_point30" parent="TrackPath" instance=ExtResource("6_bv4sn")]
transform = Transform3D(-0.999263, 0, 0.0383878, 0, 1, 0, -0.0383876, 0, -0.999263, 62.3251, 0.890668, -5.71224)

[node name="track_path_point31" parent="TrackPath" instance=ExtResource("6_bv4sn")]
transform = Transform3D(-0.999263, 0, 0.0383878, 0, 1, 0, -0.0383876, 0, -0.999263, 61.9963, 0.819124, -30.5116)

[node name="track_path_point32" parent="TrackPath" instance=ExtResource("6_bv4sn")]
transform = Transform3D(-0.999263, 0, 0.0383878, 0, 1, 0, -0.0383876, 0, -0.999263, 62.6549, 3.50306, -47.6541)

[node name="track_path_point33" parent="TrackPath" instance=ExtResource("6_bv4sn")]
transform = Transform3D(-0.987732, 0, -0.156159, 0, 1, 0, 0.156159, 0, -0.987732, 60.2523, 0.336812, -70.9652)

[node name="track_path_point2" parent="TrackPath" instance=ExtResource("6_bv4sn")]
transform = Transform3D(-0.549606, 0, -0.835424, 0, 1, 0, 0.835424, 0, -0.549606, 49.1255, 0.435267, -88.6607)

[node name="track_path_point3" parent="TrackPath" instance=ExtResource("6_bv4sn")]
transform = Transform3D(-0.0844608, 0, -0.996427, 0, 1, 0, 0.996427, 0, -0.0844608, 25.5444, 0.0261643, -95.2808)

[node name="track_path_point4" parent="TrackPath" instance=ExtResource("6_bv4sn")]
transform = Transform3D(-0.126459, 0, -0.991972, 0, 1, 0, 0.991972, 0, -0.126459, 4.14886, 3.44256, -96.5402)

[node name="track_path_point5" parent="TrackPath" instance=ExtResource("6_bv4sn")]
transform = Transform3D(0.321175, 0, -0.94702, 0, 1, 0, 0.94702, 0, 0.321175, -30.4082, 0.603673, -97.6734)

[node name="track_path_point6" parent="TrackPath" instance=ExtResource("6_bv4sn")]
transform = Transform3D(0.979348, 0.0123799, -0.201806, 0.000131734, 0.998084, 0.0618672, 0.202185, -0.060616, 0.97747, -47.2807, 0.772873, -80.5399)

[node name="track_path_point7" parent="TrackPath" instance=ExtResource("6_bv4sn")]
transform = Transform3D(0.996016, 0.00786202, -0.0888314, -0.0185967, 0.992518, -0.12067, 0.0872186, 0.121841, 0.98871, -50.2536, 4.92912, -53.9584)

[node name="track_path_point8" parent="TrackPath" instance=ExtResource("6_bv4sn")]
transform = Transform3D(0.998064, 0.0183853, -0.059414, -0.0154366, 0.998644, 0.0497111, 0.0602473, -0.0486977, 0.996995, -54.5102, -0.00435802, -19.4312)

[node name="track_path_point9" parent="TrackPath" instance=ExtResource("6_bv4sn")]
transform = Transform3D(0.999711, 0.0183853, 0.0154648, -0.0191146, 0.998644, 0.048416, -0.0145537, -0.0486977, 0.998707, -55.4667, 0.15993, 3.01626)

[node name="track_path_point10" parent="TrackPath" instance=ExtResource("6_bv4sn")]
transform = Transform3D(0.986089, -0.0261778, 0.164141, -0.00201544, 0.985565, 0.169287, -0.166203, -0.167263, 0.971802, -54.0465, 0.886577, 34.5972)

[node name="track_path_point11" parent="TrackPath" instance=ExtResource("6_bv4sn")]
transform = Transform3D(0.944089, 0, 0.32969, 0, 1, 0, -0.32969, 0, 0.944089, -42.9037, -0.0343875, 68.235)

[node name="track_path_point12" parent="TrackPath" instance=ExtResource("6_bv4sn")]
transform = Transform3D(0.199881, 0, 0.97982, 0, 1, 0, -0.97982, 0, 0.199881, -26.1326, 0.132941, 85.407)

[node name="track_path_point13" parent="TrackPath" instance=ExtResource("6_bv4sn")]
transform = Transform3D(-0.196973, -0.386837, 0.900865, -7.45058e-09, 0.918867, 0.394567, -0.980409, 0.0777191, -0.180992, 11.9591, 12.5884, 88.0873)

[node name="track_path_point14" parent="TrackPath" instance=ExtResource("6_bv4sn")]
transform = Transform3D(-0.604015, -0.0586463, 0.794812, 0, 0.997289, 0.0735863, -0.796973, 0.0444473, -0.602378, 44.0803, 12.8171, 76.084)

[node name="track_path_point15" parent="TrackPath" instance=ExtResource("6_bv4sn")]
transform = Transform3D(-0.911568, 0.041956, 0.409003, 0, 0.99478, -0.102046, -0.411148, -0.0930219, -0.906809, 66.7518, 11.7951, 45.9711)

[node name="track_path_point16" parent="TrackPath" instance=ExtResource("6_bv4sn")]
transform = Transform3D(-0.845227, -0.0728181, -0.529422, -0.0124117, 0.993081, -0.116776, 0.534262, -0.092131, -0.840284, 67.9295, 8.57278, 24.6118)

[node name="track_path_point18" parent="TrackPath" instance=ExtResource("6_bv4sn")]
transform = Transform3D(0.0237866, -0.051781, -0.998375, 0, 0.998658, -0.0517956, 0.999717, 0.00123204, 0.0237544, 51.4067, 6.56693, 15.2635)

[node name="track_path_point17" parent="TrackPath" instance=ExtResource("6_bv4sn")]
transform = Transform3D(0.769622, 0, -0.6385, 0, 1, 0, 0.6385, 0, 0.769622, 34.2133, 5.31744, 25.1138)

[node name="track_path_point19" parent="TrackPath" instance=ExtResource("6_bv4sn")]
transform = Transform3D(0.822419, -0.0428947, -0.567262, -0.00496394, 0.996574, -0.0825547, 0.56886, 0.0707105, 0.819389, 10.3756, 5.19599, 51.8869)

[node name="track_path_point20" parent="TrackPath" instance=ExtResource("6_bv4sn")]
transform = Transform3D(-0.250464, -0.0816337, -0.964678, 0, 0.996439, -0.0843214, 0.968126, -0.0211195, -0.249573, -10.342, 3.47066, 63.1679)

[node name="track_path_point21" parent="TrackPath" instance=ExtResource("6_bv4sn")]
transform = Transform3D(-0.999948, 0.000973305, 0.0100935, 0, 0.995383, -0.0959848, -0.0101402, -0.0959798, -0.995332, -24.4157, 1.39136, 49.2428)

[node name="track_path_point22" parent="TrackPath" instance=ExtResource("6_bv4sn")]
transform = Transform3D(-0.762545, -0.0547193, 0.644618, 0, 0.996417, 0.0845822, -0.646936, 0.0644977, -0.759812, -17.3195, 0.750963, 32.2957)

[node name="track_path_point23" parent="TrackPath" instance=ExtResource("6_bv4sn")]
transform = Transform3D(-0.993419, 0, -0.114538, 0, 1, 0, 0.114538, 0, -0.993419, -5.81274, 0.243833, 10.9204)

[node name="track_path_point24" parent="TrackPath" instance=ExtResource("6_bv4sn")]
transform = Transform3D(-0.999553, 0, -0.0298929, 0, 1, 0, 0.0298929, 0, -0.999553, -19.1986, 0.66206, -18.9014)

[node name="track_path_point25" parent="TrackPath" instance=ExtResource("6_bv4sn")]
transform = Transform3D(-0.629687, 0, 0.77685, 0, 1, 0, -0.776849, 0, -0.629687, -6.77267, 0.66206, -40.1667)

[node name="track_path_point26" parent="TrackPath" instance=ExtResource("6_bv4sn")]
transform = Transform3D(0.613389, 0, 0.78978, 0, 1, 0, -0.78978, 0, 0.61339, 14.4798, 0.623438, -44.284)

[node name="track_path_point27" parent="TrackPath" instance=ExtResource("6_bv4sn")]
transform = Transform3D(0.999751, -0.00152866, 0.0222685, 0, 0.997652, 0.0684854, -0.022321, -0.0684684, 0.997404, 21.8185, -0.040869, -16.3762)

[node name="track_path_point28" parent="TrackPath" instance=ExtResource("6_bv4sn")]
transform = Transform3D(0.519474, 0, 0.854486, 0, 1, 0, -0.854486, 0, 0.519474, 28.1127, 0.568605, 1.22771)

[node name="track_path_point35" parent="TrackPath" instance=ExtResource("6_bv4sn")]
transform = Transform3D(-4.37114e-08, 0, 1, 0, 1, 0, -1, 0, -4.37114e-08, 43.339, 0.259709, 4.7524)

[node name="Barriers" type="Node3D" parent="."]
unique_name_in_owner = true

[node name="barrier_arrow_block" parent="Barriers" instance=ExtResource("9_46kmx")]
transform = Transform3D(-0.5, 0, -0.866025, 0, 1, 0, 0.866025, 0, -0.5, 65.5034, 1, 8.56999)

[node name="barrier_arrow_block2" parent="Barriers" instance=ExtResource("9_46kmx")]
transform = Transform3D(-5.96046e-08, 0, -1, 0, 1, 0, 1, 0, -5.96046e-08, 66.5773, 1, 5.18051)

[node name="barrier_arrow_block3" parent="Barriers" instance=ExtResource("9_46kmx")]
transform = Transform3D(-5.96046e-08, 0, -1, 0, 1, 0, 1, 0, -5.96046e-08, 66.5773, 1, 1.56475)

[node name="barrier_arrow_block4" parent="Barriers" instance=ExtResource("9_46kmx")]
transform = Transform3D(0.11363, -0.0938133, -0.989084, 0.0661172, 0.994039, -0.0866875, 0.991321, -0.0555451, 0.119156, 51.7521, 13.3673, 76.9299)

[node name="barrier_arrow_block5" parent="Barriers" instance=ExtResource("9_46kmx")]
transform = Transform3D(-0.907837, 0.0100857, 0.419202, 0.0123761, 0.99992, 0.00274471, -0.419141, 0.00767981, -0.907889, 43.0194, 13.5291, 66.8176)

[node name="SpectatorCars" type="Node3D" parent="."]
unique_name_in_owner = true
transform = Transform3D(1, 0, 0, 0, 1, 0, 0, 0, 1, 0, 1.12657, 0)

[node name="spectator_car" parent="SpectatorCars" instance=ExtResource("9_rp1cy")]
transform = Transform3D(-0.0232629, 0, -0.999729, 0, 1, 0, 0.999729, 0, -0.0232629, 69.9911, 0.253666, -2.29416)

[node name="spectator_car2" parent="SpectatorCars" instance=ExtResource("9_rp1cy")]
transform = Transform3D(0.0302597, 0, -0.999542, 0, 1, 0, 0.999542, 0, 0.0302597, 70.0427, 0.253666, -4.35189)

[node name="spectator_car3" parent="SpectatorCars" instance=ExtResource("9_rp1cy")]
transform = Transform3D(0.0640449, 0, -0.997947, 0, 1, 0, 0.997947, 0, 0.0640449, 69.9007, 0.253666, -6.19385)

[node name="spectator_car4" parent="SpectatorCars" instance=ExtResource("9_rp1cy")]
transform = Transform3D(-0.0232629, 0, -0.999729, 0, 1, 0, 0.999729, 0, -0.0232629, 69.9092, 0.253666, -28.7188)

[node name="spectator_car5" parent="SpectatorCars" instance=ExtResource("9_rp1cy")]
transform = Transform3D(0.0302597, 0, -0.999542, 0, 1, 0, 0.999542, 0, 0.0302597, 69.9607, 0.253666, -30.7765)

[node name="spectator_car6" parent="SpectatorCars" instance=ExtResource("9_rp1cy")]
transform = Transform3D(0.0640449, 0, -0.997947, 0, 1, 0, 0.997947, 0, 0.0640449, 69.8187, 0.253666, -32.6185)

[node name="spectator_car20" parent="SpectatorCars" instance=ExtResource("9_rp1cy")]
transform = Transform3D(0.404237, 0.271545, -0.873416, -0.0243529, 0.957771, 0.2865, 0.91433, -0.0945439, 0.39378, 68.9198, -0.92949, -63.3878)

[node name="spectator_car25" parent="SpectatorCars" instance=ExtResource("9_rp1cy")]
transform = Transform3D(0.0801703, -0.220946, 0.971985, -0.0232111, 0.974447, 0.22342, -0.996511, -0.0404724, 0.0729932, 53.5829, -0.853796, -66.9533)

[node name="spectator_car26" parent="SpectatorCars" instance=ExtResource("9_rp1cy")]
transform = Transform3D(0.0801703, -0.220946, 0.971985, -0.0232111, 0.974447, 0.22342, -0.996511, -0.0404724, 0.0729932, 53.7964, -0.648796, -63.9741)

[node name="spectator_car27" parent="SpectatorCars" instance=ExtResource("9_rp1cy")]
transform = Transform3D(0.199145, -0.261655, 0.944393, 0.00445254, 0.963928, 0.266129, -0.97996, -0.0487931, 0.193126, 53.9626, -0.486524, -60.9747)

[node name="spectator_car28" parent="SpectatorCars" instance=ExtResource("9_rp1cy")]
transform = Transform3D(0.35313, -0.261655, 0.89824, 0.048562, 0.963928, 0.261698, -0.934313, -0.0487931, 0.353098, 54.7116, -0.119965, -57.7498)

[node name="spectator_car21" parent="SpectatorCars" instance=ExtResource("9_rp1cy")]
transform = Transform3D(0.404237, 0.271545, -0.873416, -0.0243529, 0.957771, 0.2865, 0.91433, -0.0945439, 0.39378, 69.1466, -0.768268, -61.1034)

[node name="spectator_car22" parent="SpectatorCars" instance=ExtResource("9_rp1cy")]
transform = Transform3D(0.231427, 0.271545, -0.934187, 0.0303721, 0.957771, 0.285925, 0.972378, -0.0945439, 0.213406, 69.3533, -0.583515, -58.6379)

[node name="spectator_car23" parent="SpectatorCars" instance=ExtResource("9_rp1cy")]
transform = Transform3D(0.166789, 0.271545, -0.947863, 0.0499171, 0.957771, 0.283167, 0.984728, -0.0945439, 0.146191, 69.4154, -0.369331, -56.2897)

[node name="spectator_car24" parent="SpectatorCars" instance=ExtResource("9_rp1cy")]
transform = Transform3D(0.166789, 0.271545, -0.947863, 0.0499171, 0.957771, 0.283167, 0.984728, -0.0945439, 0.146191, 69.8, -0.254243, -54.0193)

[node name="spectator_car7" parent="SpectatorCars" instance=ExtResource("9_rp1cy")]
transform = Transform3D(-0.310328, 0, 0.95063, 0, 1, 0, -0.95063, 0, -0.310328, -66.3611, -0.595522, 23.1906)

[node name="spectator_car8" parent="SpectatorCars" instance=ExtResource("9_rp1cy")]
transform = Transform3D(-0.281555, 0, 0.959545, 0, 1, 0, -0.959545, 0, -0.281555, -66.3082, -0.488517, 16.5574)

[node name="spectator_car9" parent="SpectatorCars" instance=ExtResource("9_rp1cy")]
transform = Transform3D(-0.206478, 0, 0.978451, 0, 1, 0, -0.978451, 0, -0.206478, -66.439, -0.76969, 7.99723)

[node name="spectator_car10" parent="SpectatorCars" instance=ExtResource("9_rp1cy")]
transform = Transform3D(0.0770581, -0.184358, 0.979834, 0.0270403, 0.982781, 0.182785, -0.99666, 0.0124099, 0.0807163, -64.2026, -0.407893, -33.0415)

[node name="spectator_car36" parent="SpectatorCars" instance=ExtResource("9_rp1cy")]
transform = Transform3D(-0.0368175, -0.11231, 0.992991, 0.0329272, 0.992989, 0.11353, -0.99878, 0.0368763, -0.0328613, -64.3517, -0.676966, -25.9074)

[node name="spectator_car37" parent="SpectatorCars" instance=ExtResource("9_rp1cy")]
transform = Transform3D(-0.0368175, -0.0469502, 0.998219, 0.0329272, 0.998296, 0.0481683, -0.99878, 0.034642, -0.0352088, -65.5418, -1.00885, -17.2133)

[node name="spectator_car38" parent="SpectatorCars" instance=ExtResource("9_rp1cy")]
transform = Transform3D(-0.0368175, -0.0469502, 0.998219, 0.0329272, 0.998296, 0.0481683, -0.99878, 0.034642, -0.0352088, -66.0501, -0.899003, -11.8911)

[node name="spectator_car39" parent="SpectatorCars" instance=ExtResource("9_rp1cy")]
transform = Transform3D(-0.0827915, -0.0469502, 0.995461, 0.0306719, 0.998296, 0.0496349, -0.996095, 0.034642, -0.0812104, -66.2084, -0.869006, -6.69556)

[node name="spectator_car40" parent="SpectatorCars" instance=ExtResource("9_rp1cy")]
transform = Transform3D(-0.0827915, -0.0469502, 0.995461, 0.0306719, 0.998296, 0.0496349, -0.996095, 0.034642, -0.0812104, -65.8596, -0.906649, -0.0838082)

[node name="spectator_car11" parent="SpectatorCars" instance=ExtResource("9_rp1cy")]
transform = Transform3D(0.210625, -0.204232, 0.955995, 0, 0.977933, 0.208919, -0.977567, -0.0440035, 0.205977, -63.2437, 0.0535369, -37.8472)

[node name="spectator_car12" parent="SpectatorCars" instance=ExtResource("9_rp1cy")]
transform = Transform3D(0.210625, -0.288797, 0.933934, 0, 0.955366, 0.295425, -0.977567, -0.0622238, 0.201224, -62.1229, 0.101281, -42.6736)

[node name="spectator_car13" parent="SpectatorCars" instance=ExtResource("9_rp1cy")]
transform = Transform3D(-0.254906, 0.0598404, -0.965112, 0, 0.998083, 0.0618847, 0.966965, 0.0157748, -0.254417, -48.399, -0.913721, -14.438)

[node name="spectator_car29" parent="SpectatorCars" instance=ExtResource("9_rp1cy")]
transform = Transform3D(-0.14765, 0.0598404, -0.987227, -0.00677906, 0.998083, 0.0615123, 0.989016, 0.0157748, -0.146961, -48.7702, -0.974552, -9.18099)

[node name="spectator_car30" parent="SpectatorCars" instance=ExtResource("9_rp1cy")]
transform = Transform3D(-0.14765, 0.0598404, -0.987227, -0.00677906, 0.998083, 0.0615123, 0.989016, 0.0157748, -0.146961, -48.5467, -1.0729, -3.80603)

[node name="spectator_car31" parent="SpectatorCars" instance=ExtResource("9_rp1cy")]
transform = Transform3D(-0.145713, 0.0644131, -0.987227, 0.024331, 0.99781, 0.0615123, 0.989027, -0.0150571, -0.146961, -48.4506, -1.04398, 1.49605)

[node name="spectator_car32" parent="SpectatorCars" instance=ExtResource("9_rp1cy")]
transform = Transform3D(-0.14765, 0.0598404, -0.987227, -0.00677906, 0.998083, 0.0615123, 0.989016, 0.0157748, -0.146961, -48.5432, -0.784346, 7.91879)

[node name="spectator_car33" parent="SpectatorCars" instance=ExtResource("9_rp1cy")]
transform = Transform3D(-0.266061, 0.0660417, -0.961691, 0.0428503, 0.997474, 0.056644, 0.963003, -0.026138, -0.268219, -46.7146, -0.682097, 15.0592)

[node name="spectator_car34" parent="SpectatorCars" instance=ExtResource("9_rp1cy")]
transform = Transform3D(-0.512712, 0.0598404, -0.856472, 0.0171729, 0.998083, 0.0594542, 0.858388, 0.0157748, -0.512757, -46.6618, -0.793007, 20.4494)

[node name="spectator_car35" parent="SpectatorCars" instance=ExtResource("9_rp1cy")]
transform = Transform3D(-0.512712, 0.0598404, -0.856472, 0.0171729, 0.998083, 0.0594542, 0.858388, 0.0157748, -0.512757, -46.6618, -0.793007, 20.4494)

[node name="spectator_car14" parent="SpectatorCars" instance=ExtResource("9_rp1cy")]
transform = Transform3D(-0.127982, 0, -0.991776, 0, 1, 0, 0.991776, 0, -0.127982, -47.6906, -0.848496, -18.3474)

[node name="spectator_car15" parent="SpectatorCars" instance=ExtResource("9_rp1cy")]
transform = Transform3D(-0.248047, 0, -0.968747, 0, 1, 0, 0.968747, 0, -0.248047, -47.4829, -0.775053, -22.1382)

[node name="spectator_car16" parent="SpectatorCars" instance=ExtResource("9_rp1cy")]
transform = Transform3D(-0.235583, 0.194504, -0.952191, 0, 0.979768, 0.200137, 0.971854, 0.047149, -0.230817, -46.652, -0.665552, -26.6338)

[node name="spectator_car17" parent="SpectatorCars" instance=ExtResource("9_rp1cy")]
transform = Transform3D(-0.446963, 0.158826, -0.880339, 7.45058e-09, 0.984112, 0.177548, 0.894552, 0.0793576, -0.439861, -45.9707, -0.451785, -30.7941)

[node name="spectator_car18" parent="SpectatorCars" instance=ExtResource("9_rp1cy")]
transform = Transform3D(-0.204821, 0.21065, -0.955863, -3.72529e-09, 0.976567, 0.215212, 0.978799, 0.04408, -0.200021, -44.9895, 0.105509, -36.249)

[node name="spectator_car19" parent="SpectatorCars" instance=ExtResource("9_rp1cy")]
transform = Transform3D(-0.127982, 0.289669, -0.948531, -3.72529e-09, 0.956397, 0.292071, 0.991776, 0.0373799, -0.122402, -44.1335, 0.479356, -41.0223)

[node name="OutOfBounds" type="Node3D" parent="."]
unique_name_in_owner = true

[node name="trigger" parent="OutOfBounds" instance=ExtResource("8_nfmkb")]
transform = Transform3D(1, 0, 0, 0, 1, 0, 0, 0, 1, 0, -7.85441, 0)
mesh = SubResource("BoxMesh_nn6yb")
size = Vector3(300, 10, 300)

[node name="ReverbTrigger" type="Node3D" parent="."]
transform = Transform3D(0.722352, 0, -0.691526, 0, 1, 0, 0.691526, 0, 0.722352, -36.5877, 3, -86.5857)
script = ExtResource("10_nn3ty")
reverb_strength = 0.8

[node name="trigger" parent="ReverbTrigger" instance=ExtResource("8_nfmkb")]
transform = Transform3D(0.628791, 0, -0.777574, 0, 1, 0, 0.777574, 0, 0.628791, 1.92899, 0, -18.4719)
mesh = SubResource("BoxMesh_gv2py")
size = Vector3(19.065, 14.85, 18.995)

[node name="trigger2" parent="ReverbTrigger" instance=ExtResource("8_nfmkb")]
transform = Transform3D(0.965876, 0, -0.259004, 0, 1, 0, 0.259004, 0, 0.965876, -7.41129, 0, -7.89548)
mesh = SubResource("BoxMesh_7aekn")
size = Vector3(19.065, 14.85, 18.995)

[node name="trigger3" parent="ReverbTrigger" instance=ExtResource("8_nfmkb")]
transform = Transform3D(0.861461, 0, 0.507824, 0, 1, 0, -0.507824, 0, 0.861461, -4.45419, 0, 6.99166)
mesh = SubResource("BoxMesh_y5cvs")
size = Vector3(16.17, 14.85, 26.035)

[node name="TrackCameras" type="Node3D" parent="."]
unique_name_in_owner = true

[node name="ModTrackCamera" type="Node3D" parent="TrackCameras"]
transform = Transform3D(1, 0, 0, 0, 1, 0, 0, 0, 1, 45.0713, 7.18745, -25.7852)
script = ExtResource("13_ua17w")
fov = 65.0
base_dist = 30.0
dist_zoom_factor = 2.0

[node name="ModTrackCamera2" type="Node3D" parent="TrackCameras"]
transform = Transform3D(1, 0, 0, 0, 1, 0, 0, 0, 1, 57.6312, 2.41124, -94.7954)
script = ExtResource("13_ua17w")
fov = 65.0
base_dist = 30.0
dist_zoom_factor = 2.0
fov_range = Vector2(25, 90)
starting_track_interp = 0.085

[node name="ModTrackCamera3" type="Node3D" parent="TrackCameras"]
transform = Transform3D(-0.0215825, 0.0776477, -0.996747, 0, 0.996979, 0.0776658, 0.999767, 0.00167622, -0.0215173, -51.5346, 1.78915, -99.3082)
script = ExtResource("13_ua17w")
fov = 65.0
base_dist = 30.0
dist_zoom_factor = 2.0
fov_range = Vector2(25, 90)
starting_track_interp = 0.2

[node name="ModTrackCamera4" type="Node3D" parent="TrackCameras"]
transform = Transform3D(0.834012, 0.111929, -0.540274, 0, 0.979207, 0.202862, 0.551746, -0.16919, 0.816671, -66.0532, 3.38861, -3.69398)
script = ExtResource("13_ua17w")
fov = 65.0
base_dist = 20.0
dist_zoom_factor = 1.5
fov_range = Vector2(40, 90)
starting_track_interp = 0.278

[node name="ModTrackCamera5" type="Node3D" parent="TrackCameras"]
transform = Transform3D(0.271662, 0.386899, -0.881198, 0, 0.915632, 0.402018, 0.962393, -0.109213, 0.248742, -78.2361, 13.2637, 65.5648)
script = ExtResource("13_ua17w")
fov = 70.0
base_dist = 20.0
dist_zoom_factor = 1.5
fov_range = Vector2(40, 90)
pan_with_target = false
starting_track_interp = 0.4

[node name="ModTrackCamera6" type="Node3D" parent="TrackCameras"]
transform = Transform3D(0.949627, -0.254187, 0.183296, 0, 0.584896, 0.811108, -0.313382, -0.77025, 0.555433, 25.6941, 26.6252, 97.5055)
script = ExtResource("13_ua17w")
fov = 70.0
base_dist = 20.0
dist_zoom_factor = 2.0
fov_range = Vector2(10, 90)
starting_track_interp = 0.486

[node name="ModTrackCamera7" type="Node3D" parent="TrackCameras"]
transform = Transform3D(-0.354081, 0.518958, -0.778016, 0, 0.831912, 0.554908, 0.935215, 0.196482, -0.294564, 18.9817, 17.7195, 20.3439)
script = ExtResource("13_ua17w")
fov = 70.0
base_dist = 25.0
dist_zoom_factor = 1.5
fov_range = Vector2(10, 90)
starting_track_interp = 0.63

[node name="ModTrackCamera8" type="Node3D" parent="TrackCameras"]
transform = Transform3D(-0.354081, 0.518958, -0.778016, 0, 0.831912, 0.554908, 0.935215, 0.196482, -0.294564, 3.22153, 8.4119, -18.7902)
script = ExtResource("13_ua17w")
fov = 70.0
base_dist = 25.0
dist_zoom_factor = 1.5
fov_range = Vector2(10, 90)
starting_track_interp = 0.82

[node name="TrackCameraPreviewer" parent="." instance=ExtResource("12_pj2a4")]
unique_name_in_owner = true

[node name="PirateTrack" parent="." instance=ExtResource("10_yv8mc")]

[node name="StaticBody3D" parent="PirateTrack/Islands" index="0"]
collision_layer = 32

[node name="EyeTrigger" type="Node3D" parent="PirateTrack"]
script = ExtResource("11_kyt7r")

[node name="right_eye" type="MeshInstance3D" parent="PirateTrack/EyeTrigger"]
transform = Transform3D(1, 0, 0, 0, 1, 0, 0, 0, 1, -10.6353, 14.9791, -95.1387)
visible = false
mesh = SubResource("SphereMesh_7gw3a")
skeleton = NodePath("../..")
surface_material_override/0 = ExtResource("12_0lyf4")

[node name="left_eye" type="MeshInstance3D" parent="PirateTrack/EyeTrigger"]
transform = Transform3D(1, 0, 0, 0, 1, 0, 0, 0, 1, -9.88694, 14.9791, -103.704)
visible = false
mesh = SubResource("SphereMesh_7gw3a")
skeleton = NodePath("../..")
surface_material_override/0 = ExtResource("12_0lyf4")

[node name="car_trigger" type="Area3D" parent="PirateTrack/EyeTrigger"]
transform = Transform3D(1, 0, 0, 0, 1, 0, 0, 0, 1, 19.5381, 0, -95.7099)
collision_mask = 2

[node name="CollisionShape3D" type="CollisionShape3D" parent="PirateTrack/EyeTrigger/car_trigger"]
transform = Transform3D(1, 0, 0, 0, 1, 0, 0, 0, 1, 0.609039, 3.71395, 0)
shape = SubResource("BoxShape3D_bvme8")

[node name="AnimationPlayer" type="AnimationPlayer" parent="PirateTrack/EyeTrigger"]
libraries = {
"": SubResource("AnimationLibrary_ey48w")
}

[node name="IntroCamera" parent="." instance=ExtResource("18_ixi2i")]
unique_name_in_owner = true

[node name="CameraPath" parent="IntroCamera" index="0"]
transform = Transform3D(1, 0, 0, 0, 1, 0, 0, 0, 1, 66.0117, 11.1828, -15.8071)
curve = SubResource("Curve3D_ltjoh")

[node name="LookPath" parent="IntroCamera" index="1"]
transform = Transform3D(1, 0, 0, 0, 1, 0, 0, 0, 1, 55.8364, 0, -8.93721)
curve = SubResource("Curve3D_0qmt1")

[node name="cam" parent="IntroCamera" index="2"]
transform = Transform3D(-0.00960395, -0.0065283, -0.999933, 0, 0.999979, -0.0065286, 0.999954, -6.27004e-05, -0.00960375, 66.225, 11.4978, -16.9711)

[node name="look" parent="IntroCamera" index="3"]
transform = Transform3D(1, 0, 0, 0, 1, 0, 0, 0, 1, 80.0592, 11.5881, -16.8383)

[connection signal="body_entered" from="PirateTrack/EyeTrigger/car_trigger" to="PirateTrack/EyeTrigger" method="_on_area_3d_body_entered"]

[editable path="PirateTrack"]
[editable path="IntroCamera"]
